### MATRICE UNIF_MAT DE RÉFÉRENCE

### FORMAT JULIA

A = [0.87012414 0.58227693 0.27883894 0.18591123 0.41110013 0.11737555 0.68496874 0.43761106 0.55622933 0.36708032 0.40236573 0.1130407 0.44703085 0.58544512 0.1619851 0.52071879 0.32605113 0.69918624 0.36639455 0.83637451 0.48134294 0.5165023 0.38304813 0.9975409 0.51424449;
0.55905327 0.03444977 0.71993003 0.42100355 0.43693513 0.28170075 0.90027434 0.66961228 0.45606875 0.28980434 0.52581896 0.55924206 0.74528383 0.82834625 0.82369445 0.07714032 0.64486207 0.30925759 0.52425372 0.95809234 0.88320096 0.29543189 0.51237599 0.08870242 0.64171673;
0.13242055 0.76648581 0.07674224 0.33104382 0.67985159 0.50921308 0.65514614 0.60212036 0.71905456 0.41521924 0.39654163 0.82513896 0.71255175 0.09793715 0.84215426 0.44082109 0.37398924 0.91367582 0.54777802 0.25193726 0.02747394 0.2062573  0.59088536 0.16365153 0.83692816;
0.77520317 0.16904146 0.76699433 0.33536585 0.47239795 0.21506437 0.912094   0.75920765 0.67656136 0.02137628 0.66087433 0.09443959 0.83116257 0.11274904 0.56682961 0.17462609 0.79060663 0.0336828  0.79597118 0.68943727 0.49184566 0.08855377 0.93755026 0.08436223 0.46939367;
0.80561265 0.08564645 0.24437952 0.89280559 0.47861108 0.19040068 0.25304423 0.76233925 0.95854024 0.76231752 0.32000713 0.79158141 0.48952105 0.29635068 0.60196121 0.22195088 0.38607262 0.00659766 0.35817464 0.19671433 0.40962177 0.10956164 0.08570312 0.7475955 0.18300985 ;
0.01508739 0.91375119 0.92594054 0.58287038 0.31261955 0.99826757 0.15001405 0.99448147 0.12496399 0.35105464 0.53105832 0.32360364 0.80641737 0.96031926 0.53947443 0.49932528 0.80112391 0.79709895 0.11986629 0.24598586 0.62678309 0.37725026 0.06345743 0.37319863 0.07411585;
0.04444199 0.29301188 0.75454252 0.95324742 0.58874852 0.98794027 0.1980745  0.04296878 0.3837042  0.78094143 0.76311744 0.86424197 0.5372399  0.5266767  0.81595697 0.12912114 0.72027954 0.06683133 0.01534091 0.54620403 0.09218891 0.17170438 0.33360395 0.11671917 0.5625867 ;
0.41093137 0.28584169 0.3981472  0.42721244 0.88582563 0.43705134 0.61706031 0.05532147 0.92854378 0.75725938 0.97588072 0.25165885 0.96814937 0.13996874 0.71181322 0.0691766  0.60503913 0.05952489 0.36288712 0.25847351 0.02612698 0.73257974 0.45145855 0.86319002 0.52992396;
0.84896584 0.31943561 0.31959826 0.26032234 0.42498833 0.89236738 0.47970618 0.34857135 0.68215328 0.16201096 0.94883594 0.47099177 0.81973665 0.07085549 0.10641362 0.50769802 0.43163879 0.39348123 0.46385572 0.48813755 0.31736454 0.53701971 0.7603021  0.86614093 0.79872683;
0.0281474  0.52569247 0.67060031 0.37521484 0.07520349 0.66906451 0.59033034 0.73463002 0.36694608 0.00753016 0.28930038 0.40236056 0.6289274  0.4505026  0.45365097 0.02009958 0.96251252 0.68638135 0.4617162  0.25667302 0.42134557 0.41919082 0.55140637 0.65804795 0.27834416;
0.24671792 0.64814363 0.03321087 0.88009162 0.40146134 0.82221679 0.73894463 0.74878607 0.06081313 0.96536487 0.64764341 0.67887691 0.35545505 0.16482761 0.04082397 0.54685472 0.99607603 0.51285859 0.64661434 0.57621129 0.94195446 0.58270336 0.48415338 0.40802807 0.13619479;
0.15854689 0.82983024 0.17742858 0.24322742 0.20581518 0.79986381 0.46447796 0.02142979 0.27403256 0.12763864 0.59756563 0.41980795 0.26483853 0.15721783 0.42146731 0.87133146 0.44851026 0.76645756 0.60550936 0.75950704 0.45279448 0.71643744 0.75825872 0.18126397 0.30575789;
0.50444188 0.0210237  0.45340013 0.44743522 0.66021478 0.16047642 0.80742758 0.47545418 0.30337448 0.30460179 0.56183724 0.95260494 0.54284677 0.73649425 0.74263828 0.97611995 0.36923587 0.93548723 0.58623609 0.92656539 0.91688842 0.24278544 0.11079464 0.2291991  0.76126467;
0.55750685 0.7749918  0.62243641 0.05483488 0.03841005 0.90747031 0.87767886 0.73442896 0.95720064 0.0815591  0.5432063  0.21527877 0.68731532 0.53255901 0.13504763 0.46875132 0.40526495 0.65863738 0.45306561 0.8067362  0.99260684 0.09327773 0.82713298 0.36588742 0.92435383;
0.61625271 0.40820336 0.30535195 0.45846448 0.54912295 0.66064037 0.84535909 0.55706961 0.89567526 0.54617919 0.81915866 0.53818738 0.5107898  0.80615473 0.38551481 0.16357748 0.44299172 0.57600851 0.09386332 0.67391102 0.14963024 0.15401133 0.54075244 0.98783686 0.44130764]



### FORMAT PYTHON 

array([[0.87012414, 0.58227693, 0.27883894, 0.18591123, 0.41110013,
        0.11737555, 0.68496874, 0.43761106, 0.55622933, 0.36708032,
        0.40236573, 0.1130407 , 0.44703085, 0.58544512, 0.1619851 ,
        0.52071879, 0.32605113, 0.69918624, 0.36639455, 0.83637451,
        0.48134294, 0.5165023 , 0.38304813, 0.9975409 , 0.51424449],
       [0.55905327, 0.03444977, 0.71993003, 0.42100355, 0.43693513,
        0.28170075, 0.90027434, 0.66961228, 0.45606875, 0.28980434,
        0.52581896, 0.55924206, 0.74528383, 0.82834625, 0.82369445,
        0.07714032, 0.64486207, 0.30925759, 0.52425372, 0.95809234,
        0.88320096, 0.29543189, 0.51237599, 0.08870242, 0.64171673],
       [0.13242055, 0.76648581, 0.07674224, 0.33104382, 0.67985159,
        0.50921308, 0.65514614, 0.60212036, 0.71905456, 0.41521924,
        0.39654163, 0.82513896, 0.71255175, 0.09793715, 0.84215426,
        0.44082109, 0.37398924, 0.91367582, 0.54777802, 0.25193726,
        0.02747394, 0.2062573 , 0.59088536, 0.16365153, 0.83692816],
       [0.77520317, 0.16904146, 0.76699433, 0.33536585, 0.47239795,
        0.21506437, 0.912094  , 0.75920765, 0.67656136, 0.02137628,
        0.66087433, 0.09443959, 0.83116257, 0.11274904, 0.56682961,
        0.17462609, 0.79060663, 0.0336828 , 0.79597118, 0.68943727,
        0.49184566, 0.08855377, 0.93755026, 0.08436223, 0.46939367],
       [0.80561265, 0.08564645, 0.24437952, 0.89280559, 0.47861108,
        0.19040068, 0.25304423, 0.76233925, 0.95854024, 0.76231752,
        0.32000713, 0.79158141, 0.48952105, 0.29635068, 0.60196121,
        0.22195088, 0.38607262, 0.00659766, 0.35817464, 0.19671433,
        0.40962177, 0.10956164, 0.08570312, 0.7475955 , 0.18300985],
       [0.01508739, 0.91375119, 0.92594054, 0.58287038, 0.31261955,
        0.99826757, 0.15001405, 0.99448147, 0.12496399, 0.35105464,
        0.53105832, 0.32360364, 0.80641737, 0.96031926, 0.53947443,
        0.49932528, 0.80112391, 0.79709895, 0.11986629, 0.24598586,
        0.62678309, 0.37725026, 0.06345743, 0.37319863, 0.07411585],
       [0.04444199, 0.29301188, 0.75454252, 0.95324742, 0.58874852,
        0.98794027, 0.1980745 , 0.04296878, 0.3837042 , 0.78094143,
        0.76311744, 0.86424197, 0.5372399 , 0.5266767 , 0.81595697,
        0.12912114, 0.72027954, 0.06683133, 0.01534091, 0.54620403,
        0.09218891, 0.17170438, 0.33360395, 0.11671917, 0.5625867 ],
       [0.41093137, 0.28584169, 0.3981472 , 0.42721244, 0.88582563,
        0.43705134, 0.61706031, 0.05532147, 0.92854378, 0.75725938,
        0.97588072, 0.25165885, 0.96814937, 0.13996874, 0.71181322,
        0.0691766 , 0.60503913, 0.05952489, 0.36288712, 0.25847351,
        0.02612698, 0.73257974, 0.45145855, 0.86319002, 0.52992396],
       [0.84896584, 0.31943561, 0.31959826, 0.26032234, 0.42498833,
        0.89236738, 0.47970618, 0.34857135, 0.68215328, 0.16201096,
        0.94883594, 0.47099177, 0.81973665, 0.07085549, 0.10641362,
        0.50769802, 0.43163879, 0.39348123, 0.46385572, 0.48813755,
        0.31736454, 0.53701971, 0.7603021 , 0.86614093, 0.79872683],
       [0.0281474 , 0.52569247, 0.67060031, 0.37521484, 0.07520349,
        0.66906451, 0.59033034, 0.73463002, 0.36694608, 0.00753016,
        0.28930038, 0.40236056, 0.6289274 , 0.4505026 , 0.45365097,
        0.02009958, 0.96251252, 0.68638135, 0.4617162 , 0.25667302,
        0.42134557, 0.41919082, 0.55140637, 0.65804795, 0.27834416],
       [0.24671792, 0.64814363, 0.03321087, 0.88009162, 0.40146134,
        0.82221679, 0.73894463, 0.74878607, 0.06081313, 0.96536487,
        0.64764341, 0.67887691, 0.35545505, 0.16482761, 0.04082397,
        0.54685472, 0.99607603, 0.51285859, 0.64661434, 0.57621129,
        0.94195446, 0.58270336, 0.48415338, 0.40802807, 0.13619479],
       [0.15854689, 0.82983024, 0.17742858, 0.24322742, 0.20581518,
        0.79986381, 0.46447796, 0.02142979, 0.27403256, 0.12763864,
        0.59756563, 0.41980795, 0.26483853, 0.15721783, 0.42146731,
        0.87133146, 0.44851026, 0.76645756, 0.60550936, 0.75950704,
        0.45279448, 0.71643744, 0.75825872, 0.18126397, 0.30575789],
       [0.50444188, 0.0210237 , 0.45340013, 0.44743522, 0.66021478,
        0.16047642, 0.80742758, 0.47545418, 0.30337448, 0.30460179,
        0.56183724, 0.95260494, 0.54284677, 0.73649425, 0.74263828,
        0.97611995, 0.36923587, 0.93548723, 0.58623609, 0.92656539,
        0.91688842, 0.24278544, 0.11079464, 0.2291991 , 0.76126467],
       [0.55750685, 0.7749918 , 0.62243641, 0.05483488, 0.03841005,
        0.90747031, 0.87767886, 0.73442896, 0.95720064, 0.0815591 ,
        0.5432063 , 0.21527877, 0.68731532, 0.53255901, 0.13504763,
        0.46875132, 0.40526495, 0.65863738, 0.45306561, 0.8067362 ,
        0.99260684, 0.09327773, 0.82713298, 0.36588742, 0.92435383],
       [0.61625271, 0.40820336, 0.30535195, 0.45846448, 0.54912295,
        0.66064037, 0.84535909, 0.55706961, 0.89567526, 0.54617919,
        0.81915866, 0.53818738, 0.5107898 , 0.80615473, 0.38551481,
        0.16357748, 0.44299172, 0.57600851, 0.09386332, 0.67391102,
        0.14963024, 0.15401133, 0.54075244, 0.98783686, 0.44130764]])
